1000.0000       301.4   17.2311
1.250000000000000000e+01 3.022500000000000000e+02 1.618710000000000093e+01 1.379999999999999893e+00 2.290000000000000036e+00
3.750000000000000000e+01 3.022500000000000000e+02 1.618659999999999854e+01 1.560000000000000053e+00 2.759999999999999787e+00
6.250000000000000000e+01 3.022500000000000000e+02 1.618649999999999878e+01 1.629999999999999893e+00 3.080000000000000071e+00
8.750000000000000000e+01 3.022500000000000000e+02 1.618639999999999901e+01 1.639999999999999902e+00 3.359999999999999876e+00
1.125000000000000000e+02 3.022500000000000000e+02 1.618609999999999971e+01 1.629999999999999893e+00 3.649999999999999911e+00
1.375000000000000000e+02 3.022500000000000000e+02 1.618590000000000018e+01 1.600000000000000089e+00 3.930000000000000160e+00
1.625000000000000000e+02 3.022500000000000000e+02 1.618550000000000111e+01 1.550000000000000044e+00 4.219999999999999751e+00
1.875000000000000000e+02 3.022500000000000000e+02 1.618519999999999825e+01 1.479999999999999982e+00 4.519999999999999574e+00
2.125000000000000000e+02 3.022500000000000000e+02 1.618479999999999919e+01 1.409999999999999920e+00 4.820000000000000284e+00
2.375000000000000000e+02 3.022500000000000000e+02 1.618449999999999989e+01 1.330000000000000071e+00 5.129999999999999893e+00
2.625000000000000000e+02 3.022599999999999909e+02 1.618400000000000105e+01 1.239999999999999991e+00 5.440000000000000391e+00
2.875000000000000000e+02 3.022599999999999909e+02 1.618349999999999866e+01 1.139999999999999902e+00 5.759999999999999787e+00
3.125000000000000000e+02 3.022599999999999909e+02 1.618299999999999983e+01 1.050000000000000044e+00 6.089999999999999858e+00
3.375000000000000000e+02 3.022599999999999909e+02 1.618240000000000123e+01 9.499999999999999556e-01 6.419999999999999929e+00
3.625000000000000000e+02 3.022599999999999909e+02 1.618179999999999907e+01 8.499999999999999778e-01 6.759999999999999787e+00
3.875000000000000000e+02 3.022599999999999909e+02 1.618110000000000070e+01 7.500000000000000000e-01 7.099999999999999645e+00
4.125000000000000000e+02 3.022699999999999818e+02 1.618039999999999878e+01 6.500000000000000222e-01 7.450000000000000178e+00
4.375000000000000000e+02 3.022699999999999818e+02 1.617960000000000065e+01 5.600000000000000533e-01 7.799999999999999822e+00
4.625000000000000000e+02 3.022699999999999818e+02 1.617869999999999919e+01 4.600000000000000200e-01 8.150000000000000355e+00
4.875000000000000000e+02 3.022699999999999818e+02 1.617780000000000129e+01 3.699999999999999956e-01 8.509999999999999787e+00
5.125000000000000000e+02 3.022699999999999818e+02 1.617689999999999984e+01 2.899999999999999800e-01 8.859999999999999432e+00
5.398799999999999955e+02 3.022799999999999727e+02 1.617579999999999885e+01 2.000000000000000111e-01 9.240000000000000213e+00
5.720199999999999818e+02 3.022799999999999727e+02 1.617449999999999832e+01 1.199999999999999956e-01 9.669999999999999929e+00
6.089299999999999500e+02 3.022900000000000205e+02 1.617310000000000159e+01 4.000000000000000083e-02 1.014000000000000057e+01
6.506000000000000227e+02 3.022900000000000205e+02 1.617139999999999844e+01 -2.999999999999999889e-02 1.066000000000000014e+01
6.970199999999999818e+02 3.023000000000000114e+02 1.616949999999999932e+01 -8.000000000000000167e-02 1.121000000000000085e+01
7.482100000000000364e+02 3.023000000000000114e+02 1.616700000000000159e+01 -1.000000000000000056e-01 1.178999999999999915e+01
8.041699999999999591e+02 3.023100000000000023e+02 1.616410000000000124e+01 -7.000000000000000666e-02 1.238000000000000078e+01
8.648799999999999955e+02 3.023299999999999841e+02 1.616029999999999944e+01 2.999999999999999889e-02 1.300999999999999979e+01
9.303600000000000136e+02 3.023700000000000045e+02 1.614849999999999852e+01 3.699999999999999956e-01 1.391999999999999993e+01
1.000600000000000023e+03 3.025600000000000023e+02 1.605669999999999931e+01 1.350000000000000089e+00 1.530000000000000071e+01
1.075599999999999909e+03 3.029100000000000250e+02 1.586650000000000027e+01 3.129999999999999893e+00 1.657999999999999829e+01
1.155359999999999900e+03 3.033000000000000114e+02 1.561129999999999995e+01 5.290000000000000036e+00 1.703999999999999915e+01
1.239880000000000109e+03 3.043799999999999955e+02 1.372460000000000058e+01 6.200000000000000178e+00 1.506000000000000050e+01
1.329170000000000073e+03 3.045000000000000000e+02 1.349399999999999977e+01 6.650000000000000355e+00 1.500000000000000000e+01
1.423210000000000036e+03 3.045899999999999750e+02 1.302650000000000041e+01 7.120000000000000107e+00 1.500000000000000000e+01
1.522019999999999982e+03 3.049100000000000250e+02 1.246439999999999948e+01 7.610000000000000320e+00 1.500000000000000000e+01
1.625599999999999909e+03 3.052900000000000205e+02 1.191249999999999964e+01 8.130000000000000782e+00 1.500000000000000000e+01
1.733930000000000064e+03 3.056899999999999977e+02 1.133970000000000056e+01 8.669999999999999929e+00 1.500000000000000000e+01
1.847019999999999982e+03 3.061100000000000136e+02 1.081320000000000014e+01 9.240000000000000213e+00 1.500000000000000000e+01
1.964880000000000109e+03 3.063700000000000045e+02 1.074269999999999925e+01 9.820000000000000284e+00 1.500000000000000000e+01
2.087500000000000000e+03 3.076800000000000068e+02 9.484700000000000131e+00 1.043999999999999950e+01 1.500000000000000000e+01
2.214880000000000109e+03 3.091000000000000227e+02 8.652599999999999625e+00 1.107000000000000028e+01 1.500000000000000000e+01
2.347019999999999982e+03 3.095600000000000023e+02 8.100699999999999790e+00 1.174000000000000021e+01 1.500000000000000000e+01
2.483929999999999836e+03 3.098199999999999932e+02 7.729800000000000004e+00 1.241999999999999993e+01 1.500000000000000000e+01
2.625599999999999909e+03 3.101499999999999773e+02 7.373099999999999987e+00 1.313000000000000078e+01 1.500000000000000000e+01
2.772019999999999982e+03 3.104700000000000273e+02 7.009699999999999598e+00 1.385999999999999943e+01 1.500000000000000000e+01
2.923210000000000036e+03 3.107599999999999909e+02 6.656799999999999606e+00 1.461999999999999922e+01 1.500000000000000000e+01
3.079170000000000073e+03 3.110000000000000000e+02 6.324300000000000033e+00 1.540000000000000036e+01 1.500000000000000000e+01
3.239880000000000109e+03 3.111499999999999773e+02 6.042900000000000382e+00 1.619999999999999929e+01 1.500000000000000000e+01
3.405360000000000127e+03 3.133500000000000227e+02 4.929199999999999804e+00 1.703000000000000114e+01 1.500000000000000000e+01
3.575599999999999909e+03 3.153999999999999773e+02 3.790799999999999947e+00 1.787999999999999901e+01 1.500000000000000000e+01
3.750599999999999909e+03 3.158199999999999932e+02 3.581999999999999851e+00 1.875000000000000000e+01 1.500000000000000000e+01
3.930360000000000127e+03 3.161899999999999977e+02 2.947299999999999809e+00 1.964999999999999858e+01 1.500000000000000000e+01
4.114880000000000109e+03 3.163500000000000227e+02 2.515600000000000058e+00 2.057000000000000028e+01 1.500000000000000000e+01
4.304170000000000073e+03 3.163999999999999773e+02 2.398600000000000065e+00 2.151999999999999957e+01 1.500000000000000000e+01
4.498210000000000036e+03 3.164399999999999977e+02 2.274300000000000210e+00 2.248999999999999844e+01 1.500000000000000000e+01
4.697020000000000437e+03 3.169499999999999886e+02 1.923000000000000043e+00 2.348999999999999844e+01 1.500000000000000000e+01
4.900600000000000364e+03 3.171100000000000136e+02 1.816000000000000059e+00 2.450000000000000000e+01 1.500000000000000000e+01
5.108930000000000291e+03 3.178600000000000136e+02 1.374400000000000066e+00 2.553999999999999915e+01 1.500000000000000000e+01
5.322020000000000437e+03 3.196299999999999955e+02 7.862000000000000099e-01 2.660999999999999943e+01 1.500000000000000000e+01
5.539880000000000109e+03 3.209499999999999886e+02 5.453999999999999959e-01 2.769999999999999929e+01 1.500000000000000000e+01
5.762500000000000000e+03 3.220799999999999841e+02 4.329999999999999960e-01 2.880999999999999872e+01 1.500000000000000000e+01
5.989880000000000109e+03 3.229300000000000068e+02 3.607000000000000206e-01 2.994999999999999929e+01 1.500000000000000000e+01
6.222020000000000437e+03 3.235000000000000000e+02 3.200999999999999956e-01 3.025000000000000000e+01 1.500000000000000000e+01
6.458930000000000291e+03 3.240400000000000205e+02 2.844999999999999751e-01 3.025000000000000000e+01 1.500000000000000000e+01
6.700600000000000364e+03 3.245899999999999750e+02 2.479000000000000092e-01 3.025000000000000000e+01 1.500000000000000000e+01
6.947020000000000437e+03 3.251399999999999864e+02 2.106999999999999984e-01 3.025000000000000000e+01 1.500000000000000000e+01
7.198210000000000036e+03 3.257099999999999795e+02 1.724999999999999867e-01 3.025000000000000000e+01 1.500000000000000000e+01
7.454170000000000073e+03 3.262599999999999909e+02 1.361999999999999877e-01 3.025000000000000000e+01 1.500000000000000000e+01
7.714880000000000109e+03 3.266200000000000045e+02 1.111000000000000043e-01 3.025000000000000000e+01 1.500000000000000000e+01
7.980359999999999673e+03 3.269300000000000068e+02 8.730000000000000260e-02 3.025000000000000000e+01 1.500000000000000000e+01
8.250600000000000364e+03 3.272699999999999818e+02 6.429999999999999605e-02 3.025000000000000000e+01 1.500000000000000000e+01
8.525600000000000364e+03 3.281899999999999977e+02 5.449999999999999983e-02 3.025000000000000000e+01 1.500000000000000000e+01
8.805360000000000582e+03 3.293000000000000114e+02 4.760000000000000342e-02 3.025000000000000000e+01 1.500000000000000000e+01
9.089879999999999200e+03 3.304100000000000250e+02 4.159999999999999809e-02 3.025000000000000000e+01 1.500000000000000000e+01
9.379170000000000073e+03 3.315400000000000205e+02 4.000000000000000083e-02 3.025000000000000000e+01 1.500000000000000000e+01
9.673209999999999127e+03 3.326700000000000159e+02 3.749999999999999861e-02 3.025000000000000000e+01 1.500000000000000000e+01
9.972020000000000437e+03 3.338199999999999932e+02 3.420000000000000123e-02 3.025000000000000000e+01 1.500000000000000000e+01
1.027560000000000036e+04 3.349900000000000091e+02 3.099999999999999978e-02 3.025000000000000000e+01 1.500000000000000000e+01
1.058393000000000029e+04 3.360299999999999727e+02 2.999999999999999889e-02 3.025000000000000000e+01 1.500000000000000000e+01
1.089702000000000044e+04 3.367300000000000182e+02 2.639999999999999986e-02 3.025000000000000000e+01 1.500000000000000000e+01
1.121487999999999920e+04 3.377300000000000182e+02 2.149999999999999828e-02 3.025000000000000000e+01 1.500000000000000000e+01
1.153750000000000000e+04 3.402500000000000000e+02 2.000000000000000042e-02 3.025000000000000000e+01 1.500000000000000000e+01
1.186250000000000000e+04 3.420400000000000205e+02 2.000000000000000042e-02 3.025000000000000000e+01 1.500000000000000000e+01
1.218750000000000000e+04 3.442900000000000205e+02 1.990000000000000102e-02 3.025000000000000000e+01 1.500000000000000000e+01
1.251250000000000000e+04 3.465699999999999932e+02 1.669999999999999957e-02 3.025000000000000000e+01 1.500000000000000000e+01
1.283750000000000000e+04 3.475699999999999932e+02 1.149999999999999981e-02 3.025000000000000000e+01 1.500000000000000000e+01
1.316250000000000000e+04 3.497699999999999818e+02 1.000000000000000021e-02 3.025000000000000000e+01 1.500000000000000000e+01
1.348750000000000000e+04 3.541299999999999955e+02 1.009999999999999960e-02 3.025000000000000000e+01 1.500000000000000000e+01
1.381250000000000000e+04 3.613500000000000227e+02 1.000000000000000021e-02 3.025000000000000000e+01 1.500000000000000000e+01
1.413750000000000000e+04 3.637900000000000205e+02 1.000000000000000021e-02 3.025000000000000000e+01 1.500000000000000000e+01
1.446250000000000000e+04 3.648700000000000045e+02 1.000000000000000021e-02 3.025000000000000000e+01 1.500000000000000000e+01
1.478750000000000000e+04 3.654200000000000159e+02 1.000000000000000021e-02 3.025000000000000000e+01 1.500000000000000000e+01
1.511250000000000000e+04 3.680500000000000114e+02 1.000000000000000021e-02 3.025000000000000000e+01 1.500000000000000000e+01
1.543750000000000000e+04 3.748000000000000114e+02 1.000000000000000021e-02 3.025000000000000000e+01 1.500000000000000000e+01
1.576250000000000000e+04 3.875600000000000023e+02 1.000000000000000021e-02 3.025000000000000000e+01 1.500000000000000000e+01
1.608750000000000000e+04 3.943399999999999750e+02 1.000000000000000021e-02 3.025000000000000000e+01 1.500000000000000000e+01
1.641250000000000000e+04 3.977500000000000000e+02 1.000000000000000021e-02 3.025000000000000000e+01 1.500000000000000000e+01
1.673750000000000000e+04 4.013700000000000045e+02 1.000000000000000021e-02 3.025000000000000000e+01 1.500000000000000000e+01
1.706250000000000000e+04 4.102400000000000091e+02 1.000000000000000021e-02 3.025000000000000000e+01 1.500000000000000000e+01
1.738750000000000000e+04 4.188799999999999955e+02 1.000000000000000021e-02 3.025000000000000000e+01 1.500000000000000000e+01
1.771250000000000000e+04 4.270699999999999932e+02 1.000000000000000021e-02 3.025000000000000000e+01 1.500000000000000000e+01
1.803750000000000000e+04 4.342699999999999818e+02 1.000000000000000021e-02 3.025000000000000000e+01 1.500000000000000000e+01
1.836250000000000000e+04 4.377500000000000000e+02 1.020000000000000073e-02 3.025000000000000000e+01 1.500000000000000000e+01
1.868750000000000000e+04 4.470600000000000023e+02 1.540000000000000049e-02 3.025000000000000000e+01 1.500000000000000000e+01
1.901250000000000000e+04 4.548000000000000114e+02 1.319999999999999993e-02 3.025000000000000000e+01 1.500000000000000000e+01
1.933750000000000000e+04 4.675299999999999727e+02 2.079999999999999905e-02 3.025000000000000000e+01 1.500000000000000000e+01
